$ANSIBLE_VAULT;1.1;AES256
34616563366230633738653136653736616332346462653961656665663830373661386332396630
6130333737316231316539353535313636313938303739640a336262656131326663343334633465
36353530616131313036353635386334646165623535303730356465633733393938623263336238
3837646631323663360a336334633735643539393236313162643665663536363563336565343266
36613562653136373735303834663339653463386361313132336463343136666134383932333562
39336136303638393136366130336135663735343334336230366566306664626137663261656438
36343936363230613738313037666365396663373038633731333539383237323533346261353531
37616661336364343735303332663136366264373137633537633963663836306262316130313639
32363233633866626630636633366637303865663233376665303239393938393238396539316238
64633931313833386637313435666236613663653438656164616439306238376166363939333636
32353964643637386534353533313234386563336437323163643634626533663338383632663434
66613665346261353633646234366235646639636230646134386661613134373533636438376134
33336664666363366266313332326361313332666661306330646135393963653830653036353439
31343039663765626466343361336436363163373866386366616261613936396136336665623239
37383539623234393335353631653163306165656438363237356665386336663065313832633961
38313364646330333636306438313631663532356666313133313937313333316364346139353233
3137
